    0.10412903
   -0.11874673
   -0.05685502
    0.01609399
    0.01145238
   -0.03102052
   -0.02938862
   -0.03029604
   -0.02887376
   -0.03230161
   -0.00970368
   -0.03897559
   -0.03895830
   -0.00969253
    0.01609279
    0.01145046
   -0.03231558
   -0.02886235
   -0.03031304
   -0.02937389
   -0.03101670
   -0.05689026
    0.10416469
   -0.11878682
   -0.22537121
    0.08088060
    0.08092295
   -0.22544254
    0.04881613
    0.05272537
    0.06771539
    0.03139732
    0.03180945
    0.03077325
    0.03056023
    0.03104825
    0.03081505
    0.03342216
    0.03335427
    0.03079105
    0.03104925
    0.03055536
    0.03079004
    0.03177606
    0.03138810
    0.05020235
    0.05131567
    0.06769316
