           1           2   1.0220518195846462     
           1           3   1.3118866619035918     
           3           4   1.4860583482790664     
           4           5   1.0316982758115334     
           5           6   1.3911232368791120     
           6           7   1.4483860597435398     
           5           8  0.10744119987691404     
           7           8   1.4356485388079758     
           6           9  0.10976072849706499     
           8           9   1.4370161033729967     
           5          10   1.3953098194829521     
           7          10  0.10948922200975530     
           9          10   1.4475217158001876     
           4          11   1.2634278235638807     
          11          12   1.2194374321488775     
          12          13   1.6304907033825335     
          13          14   1.2194015857255469     
          14          15   1.2631831021759607     
          15          16   1.0314328550669196     
          16          17   1.3952615897875396     
          17          18   1.4476404349511620     
          16          19  0.10748242393225554     
          18          19   1.4369146971442432     
          17          20  0.10952317923662458     
          19          20   1.4357898847507062     
          16          21   1.3913918156140437     
          18          21  0.10977489004619394     
          20          21   1.4482403260786536     
          15          22   1.4866632225464769     
          22          23   1.3113359935142506     
          23          24   1.0220047875888367     
          23          25   1.4817581086606606     
          14          26   1.2770753599245714     
          25          26   1.3319910382318996     
          11          27   1.2766447074260168     
          26          27   1.1435964902303557     
           1          28   1.4811013288120600     
          27          28   1.3325882039418113     
           2          29  0.97268446720995028     
           2          30  0.96649493366205108     
           2          31  0.98316061479807726     
           3          32  0.96795476433706340     
           6          33  0.96966873184381019     
           7          34  0.97063464943141531     
           8          35  0.97153995721811393     
           9          36  0.97066650182761094     
          10          37  0.97000310208719398     
          12          38  0.96415597096235917     
          13          39  0.96424558964079476     
          17          40  0.97001709759119437     
          18          41  0.97066204181270677     
          19          42  0.97154310984680692     
          20          43  0.97063410586323440     
          21          44  0.96969766309174799     
          22          45  0.96799687926596878     
          24          46  0.97021654232393950     
          24          47  0.96869566619984082     
          24          48  0.98351030306342990     
